tensor([0., 1.]) Truthful 0.997281 -6.133790 -0.229077 0.002719 0.997281
tensor([1., 0.]) Deceptive 0.383704 -0.268263 -0.742119 0.616296 0.383704
tensor([1., 0.]) Truthful 0.604285 -0.719044 -0.295690 0.395715 0.604285
tensor([0., 1.]) Deceptive 0.489570 -0.679288 -0.721015 0.510430 0.489570
tensor([1., 0.]) Deceptive 0.220310 -0.148964 -1.412825 0.779690 0.220310
tensor([0., 1.]) Truthful 0.568968 -0.871423 -0.593782 0.431032 0.568968
tensor([1., 0.]) Deceptive 0.479739 -0.611807 -0.692894 0.520261 0.479739
tensor([0., 1.]) Truthful 0.630947 -1.163320 -0.627038 0.369053 0.630947
tensor([1., 0.]) Deceptive 0.467625 -0.597141 -0.726822 0.532375 0.467625
tensor([0., 1.]) Deceptive 0.307985 -0.345002 -1.154557 0.692015 0.307985
tensor([1., 0.]) Deceptive 0.324240 -0.412038 -1.146391 0.675760 0.324240
tensor([0., 1.]) Truthful 0.564701 -0.772672 -0.512410 0.435299 0.564701
tensor([1., 0.]) Truthful 0.514982 -0.503902 -0.443958 0.485018 0.514982
tensor([0., 1.]) Truthful 0.553336 -0.737808 -0.523648 0.446664 0.553336
tensor([0., 1.]) Truthful 0.582729 -0.672426 -0.338441 0.417271 0.582729
tensor([0., 1.]) Truthful 0.547909 -0.628900 -0.436674 0.452091 0.547909
tensor([1., 0.]) Truthful 0.543198 -0.518144 -0.344921 0.456802 0.543198
tensor([1., 0.]) Deceptive 0.402068 -0.241211 -0.638069 0.597932 0.402068
tensor([1., 0.]) Deceptive 0.481047 -0.584456 -0.660303 0.518953 0.481047
tensor([1., 0.]) Truthful 0.532352 -0.616409 -0.486818 0.467648 0.532352
tensor([1., 0.]) Deceptive 0.426641 -0.510749 -0.806317 0.573359 0.426641
tensor([1., 0.]) Deceptive 0.385731 -0.549271 -1.014565 0.614269 0.385731
tensor([0., 1.]) Truthful 0.580811 -0.716067 -0.389965 0.419189 0.580811
tensor([1., 0.]) Deceptive 0.476079 -0.492482 -0.588239 0.523921 0.476079
tensor([0., 1.]) Truthful 0.747256 -1.172444 -0.088412 0.252744 0.747256
tensor([0., 1.]) Truthful 0.517462 -0.737643 -0.667769 0.482538 0.517462
tensor([1., 0.]) Truthful 0.600408 -1.032650 -0.625485 0.399592 0.600408
tensor([0., 1.]) Truthful 0.505500 -0.682102 -0.660100 0.494500 0.505500
tensor([1., 0.]) Deceptive 0.225017 0.052105 -1.184557 0.774983 0.225017
tensor([1., 0.]) Truthful 0.545281 -0.882422 -0.700801 0.454719 0.545281
tensor([0., 1.]) Truthful 0.706907 -0.981019 -0.100611 0.293093 0.706907
tensor([0., 1.]) Truthful 0.997351 -7.410047 -1.479054 0.002649 0.997351
tensor([1., 0.]) Deceptive 0.314328 -0.246084 -1.026044 0.685672 0.314328
tensor([1., 0.]) Truthful 0.595825 -0.717340 -0.329242 0.404175 0.595825
tensor([1., 0.]) Deceptive 0.193891 -0.009775 -1.434698 0.806109 0.193891
tensor([1., 0.]) Deceptive 0.430249 -0.369035 -0.649871 0.569751 0.430249
tensor([0., 1.]) Deceptive 0.484103 -0.616501 -0.680112 0.515897 0.484103
tensor([0., 1.]) Truthful 0.766329 -1.222427 -0.034729 0.233671 0.766329
tensor([1., 0.]) Deceptive 0.488350 -0.600067 -0.646677 0.511650 0.488350
tensor([1., 0.]) Deceptive 0.476052 -0.400736 -0.496603 0.523948 0.476052
tensor([1., 0.]) Deceptive 0.315679 -0.219391 -0.993092 0.684321 0.315679
tensor([0., 1.]) Truthful 0.698166 -1.103328 -0.264749 0.301834 0.698166
tensor([0., 1.]) Truthful 0.562250 -0.566236 -0.315937 0.437750 0.562250
tensor([1., 0.]) Truthful 0.620593 -1.197150 -0.705082 0.379407 0.620593
tensor([1., 0.]) Deceptive 0.123591 0.362614 -1.596237 0.876409 0.123591
tensor([1., 0.]) Truthful 0.501205 -0.722115 -0.717297 0.498795 0.501205
tensor([0., 1.]) Truthful 0.601882 -0.753292 -0.339979 0.398118 0.601882
tensor([0., 1.]) Truthful 0.999268 -8.367435 -1.148707 0.000732 0.999268
tensor([1., 0.]) Truthful 0.836653 -3.065496 -1.431962 0.163347 0.836653
tensor([1., 0.]) Truthful 0.519467 -0.627448 -0.549540 0.480533 0.519467
tensor([0., 1.]) Deceptive 0.467560 -0.623739 -0.753682 0.532440 0.467560
tensor([0., 1.]) Truthful 0.516451 -0.851514 -0.785684 0.483549 0.516451
tensor([0., 1.]) Truthful 0.618774 -0.643182 -0.158833 0.381226 0.618774
tensor([0., 1.]) Truthful 0.650656 -0.697282 -0.075360 0.349344 0.650656
tensor([1., 0.]) Truthful 0.506820 -0.787454 -0.760172 0.493180 0.506820
tensor([0., 1.]) Truthful 0.578325 -0.715329 -0.399427 0.421675 0.578325
tensor([1., 0.]) Truthful 0.889609 -3.234555 -1.147806 0.110391 0.889609
tensor([1., 0.]) Truthful 0.598953 -1.283883 -0.882777 0.401047 0.598953
tensor([0., 1.]) Truthful 0.999766 -8.200481 0.160889 0.000234 0.999766
tensor([0., 1.]) Truthful 0.638113 -0.790290 -0.223107 0.361887 0.638113
tensor([0., 1.]) Truthful 0.503466 -0.723463 -0.709600 0.496534 0.503466
tensor([0., 1.]) Truthful 0.597216 -0.676564 -0.282687 0.402784 0.597216
tensor([0., 1.]) Truthful 0.594021 -0.759853 -0.379240 0.405979 0.594021
tensor([0., 1.]) Truthful 0.688229 -0.739288 0.052567 0.311771 0.688229
tensor([1., 0.]) Deceptive 0.370895 -0.494534 -1.022914 0.629105 0.370895
tensor([1., 0.]) Deceptive 0.178729 -0.021824 -1.546804 0.821271 0.178729
tensor([0., 1.]) Deceptive 0.428472 -0.497455 -0.785545 0.571528 0.428472
tensor([1., 0.]) Deceptive 0.449074 -0.598445 -0.802856 0.550926 0.449074
tensor([1., 0.]) Deceptive 0.236940 -0.304378 -1.473908 0.763060 0.236940
tensor([1., 0.]) Truthful 0.592761 -0.866045 -0.490656 0.407240 0.592761
tensor([1., 0.]) Deceptive 0.255412 -0.135975 -1.205927 0.744588 0.255412
tensor([0., 1.]) Deceptive 0.229509 -0.122293 -1.333376 0.770491 0.229509
tensor([0., 1.]) Truthful 0.554200 -0.931112 -0.713457 0.445800 0.554200
tensor([0., 1.]) Truthful 0.594202 -0.913729 -0.532366 0.405798 0.594202
tensor([1., 0.]) Deceptive 0.400636 -0.303940 -0.706757 0.599364 0.400636
tensor([1., 0.]) Deceptive 0.418821 -0.315265 -0.642879 0.581179 0.418821
tensor([1., 0.]) Truthful 0.823619 -3.228177 -1.687112 0.176381 0.823619
tensor([1., 0.]) Truthful 0.631291 -0.963974 -0.426216 0.368709 0.631291
tensor([0., 1.]) Truthful 0.766787 -1.461884 -0.271629 0.233213 0.766787
tensor([0., 1.]) Truthful 0.511989 -0.982311 -0.934345 0.488011 0.511989
