trial_lie_048 Deceptive 0.414636 -0.295586 -0.640418 0.585364 0.414636
trial_truth_041 Deceptive 0.491095 -0.498080 -0.533703 0.508905 0.491095
trial_truth_043 Truthful 0.571420 -0.652605 -0.364959 0.428580 0.571420
trial_truth_028 Deceptive 0.420534 -0.320407 -0.640990 0.579466 0.420534
trial_lie_007 Truthful 0.561341 -0.886910 -0.640303 0.438659 0.561341
trial_truth_012 Deceptive 0.485435 -0.470641 -0.528918 0.514565 0.485435
trial_lie_032 Truthful 0.510202 -0.627104 -0.586289 0.489798 0.510202
trial_truth_013 Deceptive 0.414721 -0.398062 -0.742544 0.585279 0.414721
trial_truth_027 Truthful 0.580766 -0.779726 -0.453807 0.419234 0.580766
trial_truth_038 Truthful 0.562353 -0.725983 -0.475267 0.437647 0.562353
trial_truth_009 Truthful 0.512577 -0.318931 -0.268611 0.487422 0.512577
trial_lie_033 Truthful 0.639103 -1.355233 -0.783758 0.360897 0.639103
trial_truth_058 Truthful 0.520091 -0.737964 -0.657556 0.479909 0.520091
trial_truth_053 Truthful 0.566443 -0.791390 -0.524035 0.433557 0.566443
trial_truth_005 Truthful 0.634558 -0.978133 -0.426311 0.365442 0.634558
trial_truth_060 Deceptive 0.463215 -0.536025 -0.683430 0.536785 0.463215
trial_lie_001 Deceptive 0.498817 -0.476386 -0.481119 0.501183 0.498817
trial_lie_054 Deceptive 0.374768 -0.069969 -0.581785 0.625232 0.374768
trial_lie_031 Deceptive 0.344480 -0.343392 -0.986787 0.655520 0.344480
trial_lie_035 Deceptive 0.416003 -0.644306 -0.983508 0.583997 0.416003
trial_lie_027 Deceptive 0.431699 -0.565341 -0.840265 0.568301 0.431699
trial_truth_051 Deceptive 0.226364 -0.189745 -1.418705 0.773636 0.226364
trial_truth_025 Truthful 0.621381 -0.959024 -0.463608 0.378619 0.621381
trial_truth_019 Truthful 0.586482 -0.760650 -0.411207 0.413518 0.586482
trial_lie_006 Deceptive 0.391838 -0.546183 -0.985774 0.608162 0.391838
trial_lie_060 Deceptive 0.336390 -0.233790 -0.913214 0.663610 0.336390
trial_lie_053 Deceptive 0.429649 -0.288826 -0.572111 0.570351 0.429649
trial_truth_001 Deceptive 0.251270 -0.346548 -1.438400 0.748730 0.251270
trial_lie_012 Truthful 0.756229 -1.520624 -0.388511 0.243771 0.756229
trial_truth_010 Deceptive 0.490174 -0.405806 -0.445116 0.509826 0.490174
trial_truth_057 Truthful 0.510861 -0.492782 -0.449332 0.489139 0.510861
trial_truth_034 Truthful 0.950149 -3.797349 -0.849763 0.049851 0.950149
trial_truth_056 Truthful 0.589750 -0.829641 -0.466708 0.410250 0.589750
trial_truth_059 Deceptive 0.424632 -0.364229 -0.668014 0.575368 0.424632
trial_lie_004 Deceptive 0.459440 -0.374983 -0.537581 0.540560 0.459440
trial_truth_048 Deceptive 0.475905 -0.501358 -0.597813 0.524095 0.475905
trial_lie_028 Deceptive 0.319284 -0.158943 -0.916006 0.680716 0.319284
trial_truth_054 Truthful 0.572945 -0.711366 -0.417488 0.427055 0.572945
trial_lie_013 Truthful 0.522118 -0.732443 -0.643916 0.477882 0.522118
trial_lie_046 Deceptive 0.473102 -0.342610 -0.450305 0.526898 0.473102
trial_truth_021 Truthful 0.502546 -0.578320 -0.568137 0.497454 0.502546
trial_lie_059 Deceptive 0.397252 -0.453436 -0.870366 0.602748 0.397252
trial_truth_024 Truthful 0.653498 -0.977598 -0.343149 0.346502 0.653498
trial_lie_018 Deceptive 0.447855 -0.479652 -0.688995 0.552145 0.447855
trial_truth_011 Deceptive 0.458044 -0.344833 -0.513054 0.541956 0.458044
trial_lie_038 Truthful 0.628155 -0.970025 -0.445716 0.371845 0.628155
trial_truth_030 Truthful 0.582133 -0.545852 -0.214317 0.417867 0.582133
trial_lie_057 Deceptive 0.297245 -0.332255 -1.192705 0.702755 0.297245
trial_truth_055 Truthful 0.569998 -0.751244 -0.469401 0.430002 0.569998
trial_truth_032 Truthful 0.969147 -5.097548 -1.650364 0.030853 0.969147
trial_lie_047 Deceptive 0.411171 -0.356390 -0.715516 0.588829 0.411171
trial_lie_058 Deceptive 0.434156 -0.446566 -0.711481 0.565844 0.434156
trial_truth_022 Truthful 0.515141 -0.535640 -0.475060 0.484859 0.515141
trial_lie_056 Deceptive 0.434595 -0.618730 -0.881856 0.565405 0.434595
trial_lie_042 Deceptive 0.248011 -0.077683 -1.186931 0.751989 0.248011
trial_lie_016 Deceptive 0.286304 -0.298146 -1.211550 0.713696 0.286304
trial_lie_020 Deceptive 0.397032 -0.509084 -0.926931 0.602968 0.397032
trial_truth_045 Truthful 0.566339 -0.701581 -0.434650 0.433661 0.566339
trial_lie_044 Deceptive 0.456065 -0.303085 -0.479279 0.543935 0.456065
trial_truth_049 Truthful 0.541185 -0.469918 -0.304805 0.458815 0.541185
trial_lie_010 Deceptive 0.475814 -0.486149 -0.582968 0.524186 0.475814
trial_lie_017 Truthful 0.502585 -0.668472 -0.658130 0.497415 0.502585
trial_lie_014 Deceptive 0.297163 -0.197497 -1.058344 0.702837 0.297163
trial_lie_041 Deceptive 0.418640 -0.344846 -0.673206 0.581360 0.418640
trial_truth_023 Truthful 0.519017 -0.537567 -0.461464 0.480984 0.519017
trial_lie_045 Deceptive 0.287679 -0.244394 -1.151077 0.712321 0.287679
trial_truth_046 Truthful 0.545302 -0.561143 -0.379436 0.454698 0.545302
trial_truth_003 Deceptive 0.435187 -0.396270 -0.656991 0.564813 0.435187
trial_truth_033 Truthful 0.853103 -2.200527 -0.441381 0.146897 0.853103
trial_truth_015 Deceptive 0.414167 -0.390519 -0.737283 0.585833 0.414167
trial_lie_025 Deceptive 0.305434 -0.192165 -1.013719 0.694566 0.305434
trial_lie_034 Truthful 0.558486 -0.879133 -0.644114 0.441514 0.558486
trial_truth_020 Truthful 0.623341 -0.883064 -0.379313 0.376659 0.623341
trial_lie_037 Truthful 0.580855 -0.784320 -0.458038 0.419145 0.580855
trial_truth_016 Truthful 0.594627 -0.721112 -0.337984 0.405373 0.594627
trial_lie_050 Deceptive 0.430044 -0.583797 -0.865467 0.569956 0.430044
trial_truth_039 Deceptive 0.446627 -0.489708 -0.704015 0.553373 0.446627
trial_truth_037 Truthful 0.553250 -0.473537 -0.259726 0.446750 0.553250
trial_lie_009 Truthful 0.516054 -0.656533 -0.592295 0.483946 0.516054
trial_lie_005 Deceptive 0.455543 -0.334136 -0.512436 0.544457 0.455543
trial_lie_030 Deceptive 0.301069 -0.190597 -1.032811 0.698931 0.301069
trial_lie_055 Truthful 0.541337 -0.500358 -0.334632 0.458663 0.541337
trial_lie_026 Deceptive 0.419119 -0.351663 -0.678053 0.580881 0.419119
trial_truth_031 Truthful 0.921870 -2.782338 -0.314310 0.078130 0.921870
