trial_truth_089 Truthful 0.971950 -2.427927 1.117390 0.028050 0.971950
trial_truth_1812 Truthful 0.918700 -1.692581 0.732229 0.081300 0.918700
trial_truth_2810 Truthful 0.947174 -2.250876 0.635612 0.052826 0.947174
trial_lie_1962 Deceptive 0.002449 2.286851 -3.722964 0.997552 0.002449
trial_truth_204 Truthful 0.966437 -2.416337 0.943866 0.033563 0.966437
trial_truth_240 Truthful 0.978832 -2.778800 1.055079 0.021168 0.978832
trial_truth_646 Truthful 0.986542 -2.948510 1.346118 0.013458 0.986542
trial_lie_2520 Deceptive 0.048224 1.107837 -1.874629 0.951776 0.048224
trial_truth_2516 Truthful 0.839870 -1.305143 0.352118 0.160130 0.839870
trial_lie_2287 Deceptive 0.012093 1.787526 -2.615448 0.987907 0.012093
trial_truth_1046 Truthful 0.985812 -3.014178 1.226905 0.014188 0.985812
trial_truth_2229 Truthful 0.800848 -1.028685 0.362916 0.199152 0.800848
trial_truth_1522 Truthful 0.992486 -3.327841 1.555610 0.007514 0.992486
trial_lie_163 Deceptive 0.040443 1.064392 -2.102178 0.959557 0.040443
trial_truth_1377 Truthful 0.996552 -3.984087 1.682520 0.003448 0.996552
trial_truth_1434 Truthful 0.996243 -3.921792 1.658639 0.003757 0.996243
trial_truth_677 Truthful 0.923122 -1.675458 0.810089 0.076878 0.923122
trial_truth_1544 Truthful 0.994112 -3.537107 1.591812 0.005888 0.994112
trial_truth_407 Truthful 0.970530 -2.332174 1.162293 0.029470 0.970530
trial_truth_038 Truthful 0.822720 -1.218713 0.316174 0.177280 0.822720
trial_lie_008 Deceptive 0.020301 1.445504 -2.431093 0.979699 0.020301
trial_truth_1517 Truthful 0.990615 -3.297635 1.361579 0.009385 0.990615
trial_truth_1405 Truthful 0.989176 -3.057751 1.457318 0.010824 0.989176
trial_truth_1422 Truthful 0.976785 -2.656930 1.082529 0.023215 0.976785
trial_truth_414 Truthful 0.992902 -3.420446 1.520436 0.007098 0.992902
trial_truth_2723 Truthful 0.828016 -1.326051 0.245582 0.171984 0.828016
trial_truth_2860 Truthful 0.974812 -2.546635 1.109248 0.025188 0.974812
trial_lie_2288 Deceptive 0.004106 2.128770 -3.362470 0.995894 0.004106
trial_truth_1497 Truthful 0.948614 -1.890066 1.025572 0.051386 0.948614
trial_truth_630 Truthful 0.975643 -2.625344 1.064923 0.024357 0.975643
trial_truth_1970 Truthful 0.800593 -1.091848 0.298156 0.199407 0.800593
trial_truth_2305 Truthful 0.940315 -2.081796 0.675347 0.059685 0.940315
trial_truth_1085 Truthful 0.995006 -3.765345 1.529114 0.004994 0.995006
trial_truth_2780 Truthful 0.893105 -1.505285 0.617576 0.106895 0.893105
trial_truth_1266 Truthful 0.995417 -3.782618 1.598125 0.004583 0.995417
trial_lie_1581 Deceptive 0.011904 1.634354 -2.784534 0.988096 0.011904
trial_truth_2197 Truthful 0.722969 -0.812976 0.146260 0.277031 0.722969
trial_truth_1188 Truthful 0.981878 -2.862863 1.129461 0.018122 0.981878
trial_lie_1500 Deceptive 0.001672 2.414887 -3.977336 0.998328 0.001672
trial_truth_1726 Truthful 0.963582 -2.289932 0.985647 0.036419 0.963582
trial_lie_2502 Deceptive 0.117022 0.511573 -1.509367 0.882978 0.117022
trial_truth_1975 Truthful 0.965242 -2.347894 0.976072 0.034758 0.965242
trial_lie_1088 Deceptive 0.006940 1.906137 -3.057415 0.993060 0.006940
trial_truth_1467 Truthful 0.995528 -3.768501 1.636834 0.004472 0.995528
trial_truth_2579 Deceptive 0.277132 0.190432 -0.768298 0.722868 0.277132
trial_lie_328 Deceptive 0.005479 2.068287 -3.133002 0.994521 0.005479
trial_lie_354 Deceptive 0.002408 2.446743 -3.579700 0.997592 0.002408
trial_lie_1525 Deceptive 0.003946 2.102606 -3.428436 0.996054 0.003946
trial_lie_1174 Deceptive 0.050305 1.027932 -1.910098 0.949695 0.050305
trial_lie_149 Deceptive 0.004098 1.990303 -3.502790 0.995902 0.004098
trial_lie_058 Deceptive 0.376204 -0.118253 -0.623943 0.623796 0.376204
trial_truth_1273 Truthful 0.993662 -3.520072 1.534707 0.006338 0.993662
trial_truth_1352 Truthful 0.989282 -3.120939 1.404096 0.010718 0.989282
trial_truth_915 Truthful 0.975222 -2.537100 1.135627 0.024778 0.975222
trial_lie_2713 Deceptive 0.041910 1.094567 -2.034846 0.958090 0.041910
trial_truth_2439 Truthful 0.777299 -0.924476 0.325520 0.222701 0.777299
trial_truth_2946 Truthful 0.981346 -2.782366 1.180518 0.018654 0.981346
trial_truth_116 Truthful 0.654007 -0.533778 0.102922 0.345993 0.654007
trial_truth_2203 Truthful 0.927271 -1.836631 0.708880 0.072729 0.927271
trial_lie_1046 Deceptive 0.031022 1.167129 -2.274423 0.968978 0.031022
trial_lie_444 Deceptive 0.046976 1.101854 -1.908149 0.953024 0.046976
trial_truth_2438 Truthful 0.685494 -0.647954 0.131181 0.314506 0.685494
trial_lie_1999 Deceptive 0.001409 2.554696 -4.009006 0.998591 0.001409
trial_lie_1578 Deceptive 0.010325 1.637463 -2.925375 0.989675 0.010325
trial_truth_340 Truthful 0.881865 -1.362267 0.647943 0.118135 0.881865
trial_lie_038 Deceptive 0.334168 -0.025559 -0.714951 0.665832 0.334168
trial_lie_2025 Deceptive 0.007389 1.821319 -3.078974 0.992611 0.007389
trial_lie_613 Deceptive 0.048051 1.084465 -1.901781 0.951949 0.048051
trial_truth_2930 Truthful 0.933521 -1.968544 0.673527 0.066479 0.933521
trial_truth_757 Truthful 0.997889 -4.343557 1.814860 0.002111 0.997889
trial_truth_2958 Truthful 0.968055 -2.352450 1.058837 0.031945 0.968055
trial_truth_253 Truthful 0.986748 -3.047721 1.262528 0.013252 0.986748
trial_lie_177 Deceptive 0.056421 0.961030 -1.855818 0.943579 0.056421
trial_truth_215 Truthful 0.923959 -1.756038 0.741362 0.076041 0.923959
trial_lie_464 Deceptive 0.014083 1.661792 -2.586794 0.985917 0.014083
trial_truth_487 Truthful 0.978276 -2.645743 1.161630 0.021724 0.978276
trial_lie_597 Deceptive 0.080141 0.821925 -1.618515 0.919859 0.080141
trial_truth_1663 Truthful 0.959079 -2.158835 0.995499 0.040921 0.959079
trial_lie_1450 Deceptive 0.037120 1.245855 -2.009918 0.962880 0.037120
trial_lie_1938 Deceptive 0.018662 1.457781 -2.504643 0.981338 0.018662
trial_truth_2306 Truthful 0.914103 -1.815165 0.549623 0.085897 0.914103
trial_truth_3061 Truthful 0.995605 -3.823607 1.599233 0.004395 0.995605
trial_truth_2128 Truthful 0.979234 -2.642917 1.210540 0.020766 0.979234
trial_lie_1903 Deceptive 0.008061 1.795083 -3.017553 0.991939 0.008061
trial_truth_2535 Truthful 0.629734 -0.565966 -0.034889 0.370266 0.629734
trial_lie_2706 Deceptive 0.184400 0.363684 -1.123136 0.815600 0.184400
trial_truth_1718 Truthful 0.884695 -1.452212 0.585447 0.115305 0.884695
trial_lie_1320 Deceptive 0.008450 1.695020 -3.070030 0.991549 0.008450
trial_truth_3071 Truthful 0.998379 -4.552615 1.870261 0.001621 0.998379
trial_truth_1827 Truthful 0.986701 -2.876486 1.430206 0.013299 0.986701
trial_truth_1751 Truthful 0.972169 -2.398132 1.155257 0.027831 0.972169
trial_truth_2292 Truthful 0.830459 -1.150517 0.438365 0.169541 0.830459
trial_lie_611 Deceptive 0.042000 1.149277 -1.977909 0.958000 0.042000
trial_truth_1331 Truthful 0.967454 -2.604520 0.787486 0.032546 0.967454
trial_lie_1799 Deceptive 0.280668 0.272658 -0.668491 0.719332 0.280668
trial_lie_1350 Deceptive 0.001007 2.527622 -4.371966 0.998993 0.001007
trial_lie_2493 Deceptive 0.391800 0.038234 -0.401519 0.608200 0.391800
trial_truth_033 Truthful 0.727277 -0.846756 0.134093 0.272723 0.727277
trial_lie_129 Deceptive 0.250417 0.244744 -0.851648 0.749583 0.250417
trial_lie_1433 Deceptive 0.015207 1.532736 -2.637925 0.984793 0.015207
trial_lie_1181 Deceptive 0.001944 2.263528 -3.977783 0.998056 0.001944
trial_truth_1607 Truthful 0.995213 -3.568887 1.768187 0.004787 0.995213
trial_truth_293 Truthful 0.861338 -1.382839 0.443605 0.138662 0.861338
trial_lie_1597 Deceptive 0.002609 2.230633 -3.715700 0.997391 0.002609
trial_lie_1737 Deceptive 0.137216 0.497891 -1.340718 0.862784 0.137216
trial_truth_2659 Truthful 0.771243 -1.011313 0.204030 0.228757 0.771243
trial_truth_2931 Truthful 0.910950 -1.732334 0.592952 0.089050 0.910950
trial_lie_2012 Deceptive 0.011300 1.667201 -2.804427 0.988700 0.011300
trial_lie_1922 Deceptive 0.003565 2.071573 -3.561435 0.996435 0.003565
trial_lie_1479 Truthful 0.566310 -0.136637 0.130175 0.433690 0.566310
trial_lie_1882 Deceptive 0.018601 1.521415 -2.444352 0.981399 0.018601
trial_lie_853 Deceptive 0.129094 0.675530 -1.233460 0.870906 0.129094
trial_lie_964 Deceptive 0.113570 0.648928 -1.405859 0.886430 0.113570
trial_lie_492 Deceptive 0.005526 2.030289 -3.162434 0.994474 0.005526
trial_truth_1433 Truthful 0.988802 -3.120157 1.360612 0.011198 0.988802
trial_truth_2065 Truthful 0.886182 -1.593156 0.459166 0.113818 0.886182
trial_lie_1669 Deceptive 0.024119 1.325210 -2.375136 0.975881 0.024119
trial_truth_2096 Truthful 0.904514 -1.559992 0.688429 0.095486 0.904514
trial_lie_2217 Deceptive 0.002343 2.197263 -3.856672 0.997657 0.002343
trial_truth_2208 Truthful 0.824501 -1.145342 0.401803 0.175499 0.824501
trial_lie_2381 Deceptive 0.045845 1.087381 -1.948169 0.954155 0.045845
trial_lie_1270 Deceptive 0.005548 1.988270 -3.200562 0.994452 0.005548
trial_truth_822 Truthful 0.951314 -2.240174 0.732276 0.048686 0.951314
trial_truth_1253 Truthful 0.982106 -2.987262 1.017951 0.017894 0.982106
trial_truth_1486 Truthful 0.786104 -0.753943 0.547656 0.213896 0.786104
trial_lie_1679 Deceptive 0.178249 0.345157 -1.183102 0.821751 0.178249
trial_truth_2517 Truthful 0.839782 -1.108432 0.548179 0.160218 0.839782
trial_lie_1619 Deceptive 0.356285 -0.016287 -0.607810 0.643714 0.356285
trial_truth_1140 Truthful 0.994046 -3.651325 1.466383 0.005954 0.994046
trial_truth_2257 Truthful 0.958745 -2.149314 0.996545 0.041255 0.958745
trial_lie_108 Deceptive 0.027126 1.229226 -2.350544 0.972874 0.027126
trial_lie_2391 Deceptive 0.055853 1.127508 -1.700044 0.944147 0.055853
trial_truth_1483 Truthful 0.990560 -3.151806 1.501561 0.009440 0.990560
trial_lie_1327 Deceptive 0.015926 1.531623 -2.592142 0.984074 0.015926
trial_truth_1126 Truthful 0.988348 -3.247492 1.193056 0.011652 0.988348
trial_lie_1924 Deceptive 0.002399 2.348924 -3.681439 0.997601 0.002399
trial_lie_412 Deceptive 0.016950 1.606617 -2.453750 0.983050 0.016950
trial_truth_3036 Truthful 0.923841 -1.956851 0.538865 0.076159 0.923841
trial_lie_2451 Deceptive 0.008434 1.857343 -2.909693 0.991566 0.008434
trial_lie_823 Deceptive 0.017328 1.356049 -2.681911 0.982672 0.017328
trial_truth_1992 Truthful 0.938792 -1.998925 0.731392 0.061208 0.938792
trial_truth_373 Truthful 0.979678 -2.709804 1.165718 0.020322 0.979678
trial_truth_2028 Truthful 0.931781 -1.796943 0.817440 0.068218 0.931781
trial_truth_1887 Truthful 0.951580 -2.075036 0.903180 0.048420 0.951580
trial_lie_2556 Deceptive 0.010464 1.568922 -2.980349 0.989536 0.010464
trial_lie_1373 Deceptive 0.003861 1.994121 -3.558746 0.996139 0.003861
trial_truth_103 Truthful 0.917242 -1.695673 0.709781 0.082758 0.917242
trial_truth_2437 Truthful 0.930103 -1.654435 0.933830 0.069897 0.930103
trial_lie_1658 Deceptive 0.012921 1.521344 -2.814551 0.987079 0.012921
trial_truth_2148 Truthful 0.939175 -2.040505 0.696488 0.060825 0.939175
trial_truth_2402 Deceptive 0.479444 -0.255487 -0.337759 0.520556 0.479444
trial_lie_1770 Deceptive 0.045601 0.985257 -2.055895 0.954399 0.045601
trial_truth_1466 Truthful 0.995886 -3.897546 1.591679 0.004114 0.995886
trial_truth_1317 Truthful 0.995653 -4.055348 1.378661 0.004347 0.995653
trial_lie_1616 Deceptive 0.022063 1.394641 -2.396911 0.977937 0.022063
trial_truth_1149 Truthful 0.995144 -3.742445 1.580212 0.004856 0.995144
trial_truth_1859 Truthful 0.972263 -2.402189 1.154679 0.027737 0.972263
trial_truth_2915 Truthful 0.957852 -2.283833 0.839682 0.042148 0.957852
trial_lie_2073 Deceptive 0.029327 1.362586 -2.136899 0.970673 0.029327
trial_lie_282 Deceptive 0.007836 1.905187 -2.935962 0.992164 0.007836
trial_lie_273 Deceptive 0.006288 1.890701 -3.172108 0.993712 0.006288
trial_truth_3052 Truthful 0.989466 -3.369899 1.172663 0.010534 0.989466
trial_lie_2208 Deceptive 0.026117 1.420467 -2.198228 0.973883 0.026117
trial_lie_2603 Deceptive 0.004368 1.823984 -3.605084 0.995632 0.004368
trial_lie_340 Deceptive 0.011038 1.808873 -2.686426 0.988962 0.011038
trial_truth_1137 Truthful 0.996477 -3.839720 1.805111 0.003523 0.996477
trial_truth_183 Truthful 0.970058 -2.335562 1.142534 0.029942 0.970058
trial_truth_742 Truthful 0.650232 -0.274541 0.345519 0.349768 0.650232
trial_truth_1366 Truthful 0.984812 -2.715647 1.456332 0.015187 0.984812
trial_truth_087 Truthful 0.866019 -1.425097 0.441115 0.133981 0.866019
trial_truth_1011 Truthful 0.976542 -2.656095 1.072723 0.023458 0.976542
trial_lie_082 Deceptive 0.205145 0.364480 -0.989963 0.794855 0.205145
trial_lie_1995 Deceptive 0.016269 1.573339 -2.528746 0.983731 0.016269
trial_truth_416 Truthful 0.982041 -2.735062 1.266487 0.017959 0.982041
trial_truth_055 Truthful 0.853107 -1.474029 0.285150 0.146893 0.853107
trial_truth_659 Truthful 0.952392 -2.023416 0.972554 0.047608 0.952392
trial_truth_772 Truthful 0.980758 -2.877846 1.053396 0.019242 0.980758
trial_lie_1015 Deceptive 0.083051 0.687624 -1.713969 0.916949 0.083051
trial_lie_1511 Deceptive 0.006251 1.803837 -3.264908 0.993749 0.006251
trial_lie_2263 Deceptive 0.006300 1.811089 -3.249763 0.993700 0.006300
trial_truth_146 Truthful 0.857686 -1.282655 0.513544 0.142314 0.857686
trial_truth_2357 Truthful 0.756355 -1.253557 -0.120757 0.243645 0.756355
trial_lie_1892 Deceptive 0.002924 2.308189 -3.523578 0.997076 0.002924
trial_lie_596 Deceptive 0.018809 1.524654 -2.429780 0.981191 0.018809
trial_lie_1814 Deceptive 0.009847 1.749755 -2.860893 0.990153 0.009847
trial_lie_793 Deceptive 0.473895 -0.051398 -0.155914 0.526105 0.473895
trial_truth_2689 Truthful 0.983167 -2.893088 1.174379 0.016833 0.983167
trial_lie_1526 Deceptive 0.069244 0.821571 -1.776788 0.930756 0.069244
trial_truth_1738 Truthful 0.882187 -1.486139 0.527171 0.117813 0.882187
trial_truth_195 Truthful 0.971317 -2.262550 1.259812 0.028683 0.971317
trial_lie_301 Deceptive 0.018983 1.462750 -2.482303 0.981017 0.018983
trial_truth_2485 Truthful 0.897120 -1.545219 0.620407 0.102880 0.897120
trial_truth_1107 Truthful 0.995502 -3.781250 1.618335 0.004498 0.995502
trial_truth_873 Truthful 0.981160 -2.776040 1.176740 0.018840 0.981160
trial_lie_1244 Deceptive 0.032444 1.233004 -2.162269 0.967556 0.032444
trial_lie_425 Deceptive 0.020049 1.559255 -2.330055 0.979951 0.020049
trial_truth_2043 Truthful 0.742662 -0.893554 0.166298 0.257338 0.742662
trial_lie_742 Truthful 0.599920 -0.472583 -0.067451 0.400080 0.599920
trial_lie_1841 Deceptive 0.001654 2.367722 -4.035069 0.998346 0.001654
trial_truth_960 Truthful 0.959074 -2.209429 0.944785 0.040926 0.959074
trial_truth_741 Truthful 0.998217 -4.532798 1.795021 0.001783 0.998217
trial_truth_912 Truthful 0.988891 -3.150503 1.338363 0.011109 0.988891
trial_lie_1740 Deceptive 0.420730 -0.125857 -0.445635 0.579270 0.420730
trial_lie_351 Deceptive 0.004361 2.134894 -3.295849 0.995639 0.004361
trial_lie_1390 Deceptive 0.101515 0.559051 -1.621458 0.898485 0.101515
trial_truth_2811 Truthful 0.942791 -1.852692 0.949438 0.057209 0.942791
trial_truth_2269 Truthful 0.846842 -1.339381 0.370660 0.153158 0.846842
trial_lie_1651 Deceptive 0.271256 0.037516 -0.950746 0.728744 0.271256
trial_lie_2375 Deceptive 0.007802 1.783226 -3.062289 0.992198 0.007802
trial_lie_2276 Deceptive 0.014002 1.444023 -2.810397 0.985998 0.014002
trial_truth_962 Truthful 0.992472 -3.467219 1.414361 0.007528 0.992472
trial_truth_2153 Truthful 0.977692 -2.672935 1.107293 0.022308 0.977692
trial_lie_2015 Deceptive 0.018423 1.464314 -2.511243 0.981577 0.018423
trial_lie_2201 Deceptive 0.015811 1.478541 -2.652595 0.984189 0.015811
trial_truth_560 Truthful 0.895863 -1.441851 0.710225 0.104137 0.895863
trial_lie_386 Deceptive 0.008979 1.788500 -2.915348 0.991021 0.008979
trial_lie_019 Deceptive 0.361518 -0.173140 -0.741922 0.638482 0.361518
trial_truth_3069 Truthful 0.990491 -3.334215 1.311718 0.009509 0.990491
trial_truth_500 Truthful 0.911087 -1.541658 0.785327 0.088913 0.911087
trial_truth_554 Truthful 0.987214 -2.963966 1.382545 0.012786 0.987214
trial_lie_1175 Deceptive 0.004514 2.036701 -3.359278 0.995486 0.004514
trial_truth_1110 Truthful 0.991432 -3.513045 1.238091 0.008568 0.991432
trial_lie_2662 Deceptive 0.017361 1.398862 -2.637172 0.982639 0.017361
trial_truth_2014 Truthful 0.941381 -1.933987 0.842306 0.058619 0.941381
trial_truth_1053 Truthful 0.995675 -3.907223 1.531866 0.004325 0.995675
trial_lie_1697 Deceptive 0.145758 0.559590 -1.208673 0.854241 0.145758
trial_truth_2933 Truthful 0.996654 -3.920746 1.775879 0.003346 0.996654
trial_truth_375 Truthful 0.946724 -2.100939 0.776591 0.053276 0.946724
trial_lie_2697 Deceptive 0.064449 0.914077 -1.761192 0.935551 0.064449
trial_lie_2184 Deceptive 0.003775 2.129102 -3.446467 0.996225 0.003775
trial_truth_3132 Truthful 0.987685 -3.329146 1.055424 0.012315 0.987685
trial_truth_2808 Truthful 0.967491 -2.671121 0.722057 0.032509 0.967491
trial_lie_491 Deceptive 0.049960 0.977673 -1.967610 0.950040 0.049960
trial_lie_107 Deceptive 0.038872 1.141688 -2.066156 0.961128 0.038872
trial_truth_2656 Truthful 0.924749 -1.993535 0.515162 0.075251 0.924749
trial_lie_621 Deceptive 0.034194 1.204104 -2.136796 0.965806 0.034194
trial_lie_2262 Deceptive 0.006250 1.921350 -3.147612 0.993750 0.006250
trial_truth_1710 Truthful 0.656485 -0.635385 0.012284 0.343515 0.656485
trial_truth_1982 Truthful 0.865077 -1.395619 0.462497 0.134923 0.865077
trial_truth_2740 Truthful 0.977660 -2.718715 1.060086 0.022340 0.977660
trial_lie_1490 Deceptive 0.118055 0.599087 -1.411894 0.881945 0.118055
trial_truth_311 Truthful 0.933917 -1.838714 0.809754 0.066084 0.933917
trial_truth_1041 Truthful 0.994062 -3.582030 1.538331 0.005938 0.994062
trial_truth_2753 Truthful 0.953792 -2.031754 0.995545 0.046208 0.953792
trial_truth_1760 Truthful 0.935685 -1.792425 0.885068 0.064315 0.935685
trial_truth_1732 Truthful 0.976416 -2.662275 1.061042 0.023584 0.976416
trial_truth_1658 Truthful 0.912911 -1.495124 0.854589 0.087089 0.912911
trial_truth_2947 Truthful 0.714921 -0.840645 0.078760 0.285079 0.714921
trial_truth_1091 Truthful 0.996252 -3.937657 1.645058 0.003748 0.996252
trial_lie_2248 Deceptive 0.011645 1.587698 -2.853443 0.988355 0.011645
trial_truth_1727 Truthful 0.984453 -2.845482 1.302745 0.015547 0.984453
trial_truth_1721 Truthful 0.940153 -1.852097 0.902155 0.059847 0.940153
trial_truth_158 Deceptive 0.171910 0.396331 -1.175816 0.828090 0.171910
trial_truth_1181 Truthful 0.995602 -3.809329 1.612831 0.004398 0.995602
trial_truth_1197 Truthful 0.972595 -2.474382 1.094858 0.027405 0.972595
trial_lie_353 Deceptive 0.006311 2.038975 -3.020156 0.993689 0.006311
trial_lie_2141 Deceptive 0.001935 2.409895 -3.835932 0.998065 0.001935
trial_lie_1615 Deceptive 0.136927 0.583407 -1.257643 0.863073 0.136927
trial_truth_1420 Truthful 0.994140 -3.565593 1.568083 0.005860 0.994140
trial_lie_441 Deceptive 0.050472 1.014691 -1.919863 0.949528 0.050472
trial_truth_996 Truthful 0.998270 -4.460339 1.897461 0.001730 0.998270
trial_lie_674 Deceptive 0.225665 0.245956 -0.986995 0.774335 0.225665
trial_truth_2920 Truthful 0.968975 -2.579540 0.861919 0.031025 0.968975
trial_truth_2603 Deceptive 0.037719 1.260484 -1.978654 0.962281 0.037719
trial_lie_199 Deceptive 0.002408 2.348963 -3.677475 0.997592 0.002408
trial_lie_1201 Deceptive 0.008774 1.791896 -2.935296 0.991226 0.008774
trial_truth_2068 Truthful 0.973924 -2.624456 0.995877 0.026076 0.973924
trial_truth_2036 Truthful 0.787292 -0.912714 0.395962 0.212708 0.787292
trial_lie_900 Deceptive 0.063611 0.803535 -1.885713 0.936389 0.063611
trial_lie_891 Truthful 0.693966 -0.732953 0.085775 0.306034 0.693966
trial_truth_3101 Truthful 0.926126 -1.968459 0.560195 0.073874 0.926126
trial_truth_054 Truthful 0.990815 -3.089496 1.591427 0.009185 0.990815
trial_truth_2642 Truthful 0.795045 -0.943134 0.412472 0.204955 0.795045
trial_truth_2275 Truthful 0.854365 -1.284392 0.484861 0.145635 0.854365
trial_lie_1517 Deceptive 0.016541 1.378707 -2.706539 0.983459 0.016541
trial_truth_1039 Truthful 0.989653 -3.298379 1.262260 0.010347 0.989653
trial_truth_1047 Truthful 0.992740 -3.453956 1.464100 0.007260 0.992740
trial_lie_557 Deceptive 0.010991 1.709088 -2.790582 0.989009 0.010991
trial_truth_2966 Truthful 0.979476 -2.674361 1.191076 0.020524 0.979476
trial_lie_390 Deceptive 0.004639 1.968064 -3.400643 0.995362 0.004639
trial_truth_2650 Truthful 0.931177 -1.862208 0.742696 0.068823 0.931177
trial_truth_193 Truthful 0.913155 -1.800313 0.552473 0.086845 0.913155
trial_lie_2229 Deceptive 0.026926 1.329430 -2.257942 0.973074 0.026926
trial_lie_1830 Deceptive 0.001324 2.600273 -4.025486 0.998676 0.001324
trial_truth_948 Truthful 0.999160 -5.021647 2.059922 0.000840 0.999160
trial_lie_1657 Deceptive 0.032928 1.221478 -2.158460 0.967072 0.032928
trial_truth_172 Truthful 0.993717 -3.559202 1.504391 0.006283 0.993717
trial_truth_045 Truthful 0.646019 -0.816097 -0.214511 0.353981 0.646019
trial_lie_822 Truthful 0.751826 -0.890625 0.217750 0.248174 0.751826
trial_truth_3121 Truthful 0.984160 -2.981093 1.148162 0.015840 0.984160
trial_truth_1611 Truthful 0.964580 -2.203360 1.101057 0.035420 0.964580
trial_truth_1437 Truthful 0.991893 -3.383060 1.423827 0.008107 0.991893
trial_truth_2746 Truthful 0.919688 -1.639420 0.798689 0.080312 0.919688
trial_truth_374 Truthful 0.974936 -2.617177 1.043757 0.025064 0.974936
trial_truth_813 Truthful 0.998496 -4.608748 1.889166 0.001504 0.998496
trial_truth_2615 Truthful 0.861032 -1.232957 0.590928 0.138968 0.861032
trial_lie_628 Deceptive 0.079618 0.854063 -1.593487 0.920382 0.079618
trial_lie_1797 Deceptive 0.070803 0.964015 -1.610400 0.929197 0.070803
trial_truth_2182 Truthful 0.821730 -1.083173 0.444940 0.178270 0.821730
trial_lie_1468 Deceptive 0.006768 1.839868 -3.148947 0.993232 0.006768
trial_truth_2041 Truthful 0.913448 -1.622986 0.733498 0.086552 0.913448
trial_truth_2016 Truthful 0.847065 -1.252589 0.459175 0.152935 0.847065
trial_lie_2301 Deceptive 0.003983 2.168577 -3.353275 0.996018 0.003983
trial_lie_1431 Deceptive 0.032226 1.201503 -2.200731 0.967774 0.032226
trial_truth_1991 Truthful 0.776662 -0.905793 0.340525 0.223338 0.776662
trial_lie_143 Deceptive 0.052450 1.014744 -1.879275 0.947550 0.052450
trial_truth_052 Truthful 0.960682 -2.208999 0.986972 0.039318 0.960682
trial_lie_661 Truthful 0.567792 -0.245761 0.027088 0.432208 0.567792
trial_lie_1593 Deceptive 0.005374 2.043528 -3.177283 0.994626 0.005374
trial_lie_843 Deceptive 0.146587 0.524304 -1.237321 0.853413 0.146587
trial_lie_1894 Deceptive 0.005034 1.971256 -3.315191 0.994966 0.005034
trial_lie_792 Truthful 0.711990 -0.800366 0.104702 0.288010 0.711990
trial_lie_636 Truthful 0.543009 -0.400772 -0.228311 0.456991 0.543009
trial_lie_2607 Deceptive 0.001065 2.544842 -4.298635 0.998935 0.001065
trial_lie_1732 Deceptive 0.206962 0.338469 -1.004865 0.793038 0.206962
trial_lie_150 Deceptive 0.022617 1.441547 -2.324617 0.977383 0.022617
trial_truth_759 Truthful 0.995626 -3.506843 1.920879 0.004374 0.995626
trial_truth_1329 Truthful 0.985221 -3.021696 1.177943 0.014779 0.985221
trial_lie_876 Deceptive 0.375622 0.043887 -0.464286 0.624378 0.375622
trial_lie_1436 Truthful 0.676608 -0.463312 0.274915 0.323392 0.676608
trial_lie_035 Deceptive 0.036682 1.088204 -2.179889 0.963318 0.036682
trial_truth_178 Truthful 0.994099 -3.487317 1.639461 0.005901 0.994099
trial_lie_1868 Deceptive 0.007575 1.730838 -3.144511 0.992425 0.007575
trial_truth_488 Truthful 0.819328 -0.976318 0.535486 0.180672 0.819328
trial_truth_707 Truthful 0.952783 -2.028697 0.975939 0.047217 0.952783
trial_lie_798 Truthful 0.533635 -0.391549 -0.256805 0.466365 0.533635
trial_truth_2544 Truthful 0.643247 -0.605945 -0.016461 0.356753 0.643247
trial_lie_1565 Deceptive 0.007163 1.726928 -3.204699 0.992837 0.007163
trial_truth_2950 Truthful 0.994043 -3.551979 1.565236 0.005957 0.994043
trial_lie_803 Truthful 0.845889 -1.158503 0.544210 0.154111 0.845889
trial_truth_2533 Truthful 0.911645 -1.626905 0.706978 0.088355 0.911645
trial_truth_2265 Truthful 0.876085 -1.417263 0.538606 0.123915 0.876085
trial_truth_285 Truthful 0.824797 -1.081227 0.467962 0.175203 0.824797
trial_truth_086 Truthful 0.862121 -1.495344 0.337671 0.137879 0.862121
trial_truth_733 Truthful 0.996336 -4.146789 1.458832 0.003664 0.996336
trial_truth_1780 Truthful 0.801164 -0.959058 0.434527 0.198836 0.801164
trial_lie_2049 Deceptive 0.007468 1.764669 -3.124962 0.992532 0.007468
trial_truth_1399 Truthful 0.994651 -3.557525 1.668011 0.005349 0.994651
trial_lie_2110 Deceptive 0.006892 1.888092 -3.082350 0.993108 0.006892
trial_lie_2453 Deceptive 0.204970 0.274005 -1.081512 0.795030 0.204970
trial_truth_1032 Truthful 0.994561 -3.714790 1.493851 0.005439 0.994561
trial_truth_1610 Truthful 0.965022 -2.210137 1.107304 0.034978 0.965022
trial_truth_849 Truthful 0.992866 -3.465307 1.470422 0.007134 0.992866
trial_truth_331 Truthful 0.981719 -2.732807 1.250631 0.018281 0.981719
trial_truth_2331 Truthful 0.965260 -2.555274 0.769222 0.034740 0.965260
trial_lie_736 Deceptive 0.187828 0.318260 -1.145926 0.812172 0.187828
trial_truth_1045 Truthful 0.993518 -3.655032 1.377182 0.006482 0.993518
trial_lie_675 Truthful 0.824604 -1.250398 0.297462 0.175396 0.824604
trial_lie_1455 Deceptive 0.006906 1.862626 -3.105746 0.993094 0.006906
trial_lie_1867 Deceptive 0.004918 2.152131 -3.157735 0.995082 0.004918
trial_truth_811 Truthful 0.991013 -3.339993 1.362904 0.008987 0.991013
trial_lie_619 Deceptive 0.047026 1.059785 -1.949102 0.952974 0.047026
trial_lie_1385 Deceptive 0.001661 2.345881 -4.052516 0.998338 0.001661
trial_lie_1188 Deceptive 0.006654 1.833427 -3.172420 0.993346 0.006654
trial_truth_546 Truthful 0.975651 -2.437258 1.253371 0.024349 0.975651
trial_truth_156 Truthful 0.695987 -0.707741 0.120522 0.304013 0.695987
trial_truth_698 Truthful 0.955022 -2.173025 0.882542 0.044978 0.955022
trial_truth_1289 Truthful 0.989408 -3.128856 1.408123 0.010592 0.989408
trial_truth_2429 Truthful 0.921534 -1.584701 0.878675 0.078466 0.921534
trial_truth_2957 Truthful 0.983677 -2.908639 1.190078 0.016323 0.983677
trial_lie_194 Deceptive 0.026187 1.385677 -2.230294 0.973813 0.026187
trial_truth_1459 Truthful 0.997804 -4.365211 1.753533 0.002196 0.997804
trial_truth_1662 Truthful 0.843975 -1.221593 0.466513 0.156025 0.843975
trial_lie_1916 Deceptive 0.003627 2.100538 -3.515230 0.996373 0.003627
trial_truth_423 Truthful 0.931363 -1.880379 0.727445 0.068637 0.931363
trial_lie_2313 Deceptive 0.087660 0.775088 -1.567458 0.912340 0.087660
trial_truth_141 Truthful 0.678789 -0.639998 0.108216 0.321211 0.678789
trial_truth_069 Deceptive 0.414563 -0.223020 -0.568153 0.585437 0.414563
trial_lie_461 Deceptive 0.005901 2.023404 -3.103285 0.994099 0.005901
trial_lie_837 Truthful 0.563010 -0.396593 -0.143207 0.436990 0.563010
trial_lie_048 Truthful 0.590394 -0.156320 0.209276 0.409606 0.590394
trial_truth_1955 Truthful 0.867806 -1.393223 0.488477 0.132194 0.867806
trial_truth_088 Truthful 0.850912 -1.287853 0.453917 0.149088 0.850912
trial_truth_1283 Truthful 0.998365 -4.513531 1.900958 0.001635 0.998365
trial_truth_1276 Truthful 0.987227 -3.119022 1.228586 0.012772 0.987227
trial_lie_1921 Deceptive 0.007284 1.922859 -2.991880 0.992716 0.007284
trial_truth_2276 Truthful 0.942266 -1.914827 0.877605 0.057734 0.942266
trial_lie_770 Deceptive 0.150040 0.545839 -1.188448 0.849960 0.150040
trial_truth_2370 Deceptive 0.207367 0.314293 -1.026574 0.792633 0.207367
trial_truth_1202 Truthful 0.997218 -4.070015 1.811859 0.002782 0.997218
trial_truth_2209 Truthful 0.979907 -2.738044 1.149038 0.020093 0.979907
trial_truth_782 Truthful 0.994760 -3.784625 1.461558 0.005240 0.994760
trial_lie_2534 Deceptive 0.001044 2.490764 -4.373247 0.998956 0.001044
trial_lie_1211 Deceptive 0.002206 2.239099 -3.875398 0.997794 0.002206
trial_lie_1708 Deceptive 0.041082 1.090087 -2.060148 0.958918 0.041082
trial_lie_937 Deceptive 0.205731 0.416811 -0.934043 0.794269 0.205731
trial_truth_1350 Truthful 0.997269 -4.121391 1.778897 0.002731 0.997269
trial_lie_639 Deceptive 0.177503 0.425714 -1.107645 0.822497 0.177503
trial_truth_2494 Truthful 0.926031 -1.888686 0.638574 0.073969 0.926031
trial_lie_2284 Deceptive 0.009931 1.733706 -2.868432 0.990069 0.009931
trial_truth_2483 Truthful 0.862118 -1.169275 0.663722 0.137882 0.862118
trial_truth_2929 Truthful 0.982850 -2.829484 1.218977 0.017150 0.982850
trial_lie_1141 Deceptive 0.001579 2.563664 -3.885516 0.998421 0.001579
trial_truth_467 Truthful 0.919921 -1.712310 0.728962 0.080079 0.919921
trial_truth_1641 Truthful 0.870350 -1.347683 0.556375 0.129650 0.870350
trial_truth_2278 Truthful 0.905914 -1.627073 0.637666 0.094086 0.905914
trial_truth_1120 Truthful 0.986160 -3.058755 1.207534 0.013840 0.986160
trial_truth_434 Truthful 0.911462 -1.494439 0.837177 0.088538 0.911462
trial_lie_655 Truthful 0.567877 -0.297219 -0.024026 0.432123 0.567877
trial_truth_415 Truthful 0.945922 -2.115746 0.745992 0.054078 0.945922
trial_truth_959 Truthful 0.988501 -3.169106 1.284812 0.011499 0.988501
trial_lie_908 Truthful 0.732984 -0.822742 0.187074 0.267016 0.732984
trial_truth_2046 Truthful 0.911020 -1.658920 0.667228 0.088980 0.911020
trial_truth_1349 Truthful 0.996306 -3.889128 1.708283 0.003694 0.996306
trial_truth_2072 Truthful 0.951873 -2.102851 0.881749 0.048126 0.951873
trial_truth_2373 Deceptive 0.244968 0.168198 -0.957433 0.755032 0.244968
trial_truth_3028 Truthful 0.993372 -3.525566 1.484256 0.006628 0.993372
trial_truth_1521 Truthful 0.950459 -2.106594 0.847555 0.049541 0.950459
trial_truth_105 Truthful 0.682307 -0.628135 0.136260 0.317693 0.682307
trial_truth_2410 Truthful 0.871308 -1.374211 0.538366 0.128692 0.871308
trial_lie_2347 Deceptive 0.011001 1.649423 -2.849304 0.988999 0.011001
trial_truth_1962 Truthful 0.923030 -1.710554 0.773689 0.076970 0.923030
trial_truth_672 Truthful 0.947831 -1.970018 0.929675 0.052169 0.947831
trial_truth_1519 Truthful 0.990068 -3.154100 1.447878 0.009932 0.990068
trial_truth_1269 Truthful 0.996503 -3.965703 1.686698 0.003497 0.996503
trial_lie_2450 Deceptive 0.046410 1.166965 -1.855758 0.953590 0.046410
trial_lie_601 Deceptive 0.018068 1.483867 -2.511504 0.981932 0.018068
trial_lie_1498 Deceptive 0.002375 2.230714 -3.809675 0.997625 0.002375
trial_truth_1950 Truthful 0.893928 -1.495980 0.635525 0.106072 0.893928
trial_truth_1941 Truthful 0.876694 -1.424263 0.537225 0.123306 0.876694
trial_truth_137 Deceptive 0.173197 0.461658 -1.101479 0.826803 0.173197
trial_lie_1980 Deceptive 0.013344 1.522673 -2.780545 0.986655 0.013344
trial_lie_2219 Deceptive 0.008577 1.798728 -2.951355 0.991423 0.008577
trial_truth_871 Truthful 0.979775 -2.741803 1.138580 0.020225 0.979775
trial_lie_1674 Deceptive 0.074489 0.680543 -1.839151 0.925511 0.074489
trial_lie_1501 Deceptive 0.004445 2.031737 -3.379710 0.995555 0.004445
trial_lie_1780 Deceptive 0.137802 0.580407 -1.253263 0.862198 0.137802
trial_lie_317 Deceptive 0.028465 1.301671 -2.228528 0.971535 0.028465
trial_truth_616 Truthful 0.916658 -1.578237 0.819546 0.083342 0.916658
trial_truth_2792 Truthful 0.911615 -1.635033 0.698481 0.088385 0.911615
trial_truth_1891 Truthful 0.906598 -1.524590 0.748201 0.093402 0.906598
trial_lie_324 Deceptive 0.023054 1.373819 -2.372763 0.976946 0.023054
trial_lie_049 Deceptive 0.409521 -0.002490 -0.368435 0.590479 0.409521
trial_lie_1934 Deceptive 0.007491 1.877192 -3.009404 0.992509 0.007491
trial_truth_3044 Truthful 0.983925 -2.937860 1.176410 0.016075 0.983925
trial_lie_1137 Deceptive 0.004320 2.006869 -3.433377 0.995680 0.004320
trial_truth_501 Truthful 0.795217 -0.940199 0.416463 0.204783 0.795217
trial_lie_2299 Deceptive 0.029859 1.233467 -2.247489 0.970141 0.029859
trial_truth_1758 Truthful 0.928354 -1.732572 0.829101 0.071646 0.928354
trial_lie_2488 Deceptive 0.130145 0.610316 -1.289358 0.869855 0.130145
trial_truth_2302 Truthful 0.958143 -2.240867 0.889859 0.041857 0.958143
trial_lie_1364 Deceptive 0.004730 1.938478 -3.410599 0.995270 0.004730
trial_truth_635 Truthful 0.881697 -1.323210 0.685389 0.118303 0.881697
trial_truth_2775 Truthful 0.962483 -2.315389 0.929337 0.037517 0.962483
trial_truth_1551 Truthful 0.943812 -2.057635 0.763598 0.056188 0.943812
trial_lie_2489 Deceptive 0.026332 1.332427 -2.277853 0.973668 0.026332
trial_lie_749 Deceptive 0.317128 0.048437 -0.718566 0.682872 0.317128
trial_lie_2500 Deceptive 0.034159 1.218809 -2.123159 0.965841 0.034159
trial_truth_2552 Truthful 0.811340 -1.166741 0.292001 0.188660 0.811340
trial_lie_1838 Deceptive 0.001900 2.414070 -3.849990 0.998100 0.001900
trial_lie_311 Deceptive 0.035488 1.086016 -2.216408 0.964512 0.035488
trial_truth_1605 Truthful 0.961468 -2.197378 1.019594 0.038532 0.961468
trial_truth_674 Truthful 0.983132 -2.743433 1.321886 0.016868 0.983132
trial_truth_256 Truthful 0.998746 -4.740137 1.939949 0.001254 0.998746
trial_truth_283 Truthful 0.929657 -1.686242 0.895186 0.070343 0.929657
trial_lie_2021 Deceptive 0.006141 1.939800 -3.146835 0.993859 0.006141
trial_truth_1628 Truthful 0.952502 -2.008836 0.989565 0.047498 0.952502
trial_truth_278 Truthful 0.988465 -3.018182 1.432619 0.011535 0.988465
trial_truth_634 Truthful 0.940804 -1.758603 1.007283 0.059196 0.940804
trial_truth_3029 Truthful 0.965368 -2.333316 0.994407 0.034632 0.965368
trial_truth_1748 Truthful 0.761222 -0.925795 0.233595 0.238778 0.761222
trial_lie_672 Truthful 0.739896 -0.823036 0.222394 0.260104 0.739896
trial_lie_062 Deceptive 0.342384 0.054307 -0.598383 0.657616 0.342384
trial_truth_722 Truthful 0.983283 -2.743687 1.330794 0.016717 0.983283
trial_lie_698 Truthful 0.900403 -1.647225 0.554484 0.099597 0.900403
trial_lie_1673 Deceptive 0.127280 0.561094 -1.364136 0.872720 0.127280
trial_truth_2932 Truthful 0.972994 -2.580088 1.004227 0.027006 0.972994
trial_truth_2773 Truthful 0.964735 -2.127430 1.181520 0.035265 0.964735
trial_truth_2066 Truthful 0.802205 -1.034175 0.365955 0.197795 0.802205
trial_truth_726 Truthful 0.985283 -3.057133 1.146823 0.014717 0.985283
trial_truth_040 Truthful 0.973847 -2.375142 1.242139 0.026153 0.973847
trial_truth_2730 Truthful 0.967730 -2.312962 1.087862 0.032270 0.967730
trial_lie_347 Deceptive 0.011217 1.718427 -2.760615 0.988783 0.011217
trial_truth_787 Truthful 0.998488 -4.739328 1.753279 0.001512 0.998488
trial_truth_1835 Truthful 0.816768 -1.033310 0.461293 0.183232 0.816768
trial_truth_1542 Truthful 0.977614 -2.845018 0.931640 0.022386 0.977614
trial_truth_2143 Truthful 0.937476 -1.830699 0.876942 0.062524 0.937476
trial_truth_2573 Truthful 0.740388 -0.912381 0.135606 0.259612 0.740388
trial_truth_1677 Truthful 0.996515 -3.742539 1.913390 0.003485 0.996515
trial_lie_1881 Deceptive 0.003407 2.123972 -3.554637 0.996593 0.003407
trial_lie_1760 Deceptive 0.078913 0.678029 -1.779182 0.921087 0.078913
trial_lie_1142 Deceptive 0.018450 1.380200 -2.593855 0.981550 0.018450
trial_truth_1410 Truthful 0.982260 -2.942883 1.071140 0.017740 0.982260
trial_truth_2941 Truthful 0.988303 -3.040547 1.396146 0.011697 0.988303
trial_lie_658 Deceptive 0.468233 -0.162218 -0.289458 0.531767 0.468233
trial_lie_1948 Deceptive 0.029957 1.312636 -2.164934 0.970043 0.029957
trial_truth_318 Truthful 0.977692 -2.771945 1.008283 0.022308 0.977692
trial_lie_830 Truthful 0.921554 -1.745907 0.717750 0.078446 0.921554
trial_truth_2519 Truthful 0.756921 -0.813375 0.322495 0.243079 0.756921
trial_truth_1221 Truthful 0.991917 -3.408615 1.401208 0.008083 0.991917
trial_truth_1186 Truthful 0.998242 -4.450658 1.891423 0.001758 0.998242
trial_lie_2238 Deceptive 0.025874 1.448768 -2.179542 0.974126 0.025874
trial_truth_2645 Truthful 0.978045 -2.544464 1.252100 0.021955 0.978045
trial_truth_2497 Truthful 0.943542 -1.937537 0.878605 0.056458 0.943542
trial_truth_1592 Truthful 0.979625 -2.564830 1.308055 0.020375 0.979625
trial_lie_712 Deceptive 0.154982 0.376289 -1.319757 0.845018 0.154982
trial_truth_2270 Truthful 0.887934 -1.441616 0.628194 0.112066 0.887934
trial_lie_2240 Deceptive 0.002870 2.300757 -3.549776 0.997130 0.002870
trial_truth_1602 Truthful 0.984736 -2.874965 1.291897 0.015264 0.984736
trial_truth_1638 Truthful 0.981521 -2.664220 1.308272 0.018479 0.981521
trial_truth_2385 Truthful 0.802735 -1.107857 0.295620 0.197265 0.802735
trial_lie_987 Deceptive 0.146383 0.352340 -1.410919 0.853617 0.146383
trial_lie_1940 Deceptive 0.001035 2.638432 -4.234030 0.998965 0.001035
trial_lie_100 Deceptive 0.079846 0.847038 -1.597402 0.920154 0.079846
trial_lie_1775 Deceptive 0.112832 0.553417 -1.508716 0.887168 0.112832
trial_lie_635 Truthful 0.819941 -1.267453 0.248492 0.180059 0.819941
trial_lie_355 Deceptive 0.002924 2.440666 -3.391199 0.997076 0.002924
trial_lie_1000 Deceptive 0.033942 1.121606 -2.226960 0.966058 0.033942
trial_truth_1477 Truthful 0.986728 -3.175176 1.133588 0.013272 0.986728
trial_lie_026 Deceptive 0.084498 0.655829 -1.726912 0.915502 0.084498
trial_truth_2788 Truthful 0.852809 -1.356554 0.400251 0.147191 0.852809
trial_lie_274 Deceptive 0.005228 1.893859 -3.354653 0.994772 0.005228
